252793
523851
669078
622781
74462
553949
931896
12654
378639
979291
331846
138395
405630
902629
879728
595991
441308
383163
572897
716117
181163
799777
493895
807789
76538
17501
615896
70814
14464
274922
226223
41762
967395
63407
994764
827631
417308
531220
300405
659105
747246
525388
804374
435613
444151
735902
421819
86432
671653
562629
563773
645973
160098
290947
87658
324961
82861
536142
965660
213069
847313
162925
562446
342623
409712
614924
665106
800299
875065
681407
714139
674397
69327
325237
732615
458738
765417
999742
887587
250230
60719
256356
90401
969543
455590
121621
475395
642040
638408
57702
324315
698436
777723
690018
776637
184179
125246
13281
742288
143877
735576
11902
171791
520527
999310
363547
548411
542348
821022
862461
755778
271841
175074
389934
133097
786198
819068
915890
281820
768539
929474
123792
808904
943611
30783
351285
846314
450180
285193
549301
66975
275723
746926
604664
658016
80814
520249
477310
535594
377618
58133
523880
901105
594424
174988
385549
164952
267509
810895
107904
937709
601791
706867
757889
120937
239500
776765
533542
2694
46178
900401
904847
12885
256431
48216
494682
381658
401584
964928
157376
187655
976393
899139
37082
579721
842128
958344
748706
776645
687555
439741
235422
337434
260323
436477
960344
755277
335477
284435
866121
81671
599299
390918
125201
526429
706034
945754
55231
188057
234027
843410
540829
48160
420401
72275
919592
487687
908101
296021
811103
885886
325791
343200
90582
579959
478934
8357
386840
210419
305760
591195
822616
318673
775502
652967
254368
486463
386163
620433
517327
810144
813576
204916
768044
944184
573109
797424
834639
257035
157881
6688
977690
429955
25072
244316
567852
363252
666834
880358
727147
919810
10061
997186
351292
1534
795795
689234
394553
890248
773936
762541
322449
108999
215162
555551
249737
440209
515930
62805
149290
746222
293419
97546
46033
966027
242717
940875
886576
545008
433122
734892
939082
390587
480729
784230
89027
608983
100220
529980
140000
668170
859794
413508
78466
620648
595404
65309
456113
694623
137058
248274
305845
273669
892248
330311
971026
839718
412041
734765
872311
771074
342100
333508
474752
285167
244960
78316
989389
212560
142724
817824
807558
613111
114267
162960
110791
172360
471405
488695
329288
426260
126602
561958
375692
807757
217723
473870
323285
485855
277881
893893
125739
94814
165272
846827
719381
318993
866530
738937
730730
632609
42289
225466
876531
898183
343717
155529
95644
745703
260277
373024
415493
538402
51329
710079
313358
272805
859927
182314
32592
998346
424036
896115
474168
582960
784418
576844
261990
99327
484488
106858
842947
832370
146584
127353
12538
64665
870709
818896
233087
137065
207758
863685
420041
390322
719623
660915
983119
676002
88122
610611
614591
271394
961994
852228
78630
22860
67604
207357
946336
677367
464972
848612
135048
96447
949044
888433
869643
848180
347656
128480
44771
988053
483389
53098
176150
969023
601762
454198
861600
759621
414187
520227
30915
401321
716401
447390
181202
371137
225147
952427
196243
288340
293449
467677
926337
155852
36333
643938
649254
646948
257725
678721
309441
523126
432006
925661
577439
502301
63942
91983
293367
401621
143903
439600
209147
673871
927626
835923
551357
261251
661394
841135
570066
833457
20479
401079
819899
748024
376557
502986
570969
819395
508224
360746
957012
593129
526798
337227
407248
283573
188551
27330
334368
626122
229660
30727
939278
850070
816357
294580
61438
847936
494597
555150
374796
804093
612357
244069
167379
104999
259897
688773
252868
279474
559615
855938
829673
961817
772864
58625
801165
993843
230070
603657
887625
836125
407291
372040
980635
879989
886279
182151
184655
248042
621302
333452
845373
773960
731515
376212
958378
620299
29577
737624
734592
368766
993588
595226
590985
149006
590463
994437
197378
877341
849768
924453
516138
568459
324066
184085
514260
39808
94642
58897
243924
630890
229438
20897
552022
501208
717
347849
962484
643967
211251
845620
136829
357312
751764
186081
963412
841404
885297
910392
339308
62449
22978
154888
615105
738928
961780
148534
811983
116309
887600
551861
902478
382615
76055
391739
738762
987679
694304
414813
614484
105940
352910
316424
338274
143080
165155
767927
994778
458090
830308
670319
510867
680715
332696
182665
741536
589276
727251
932814
973965
643521
825221
374159
234082
697861
617559
854018
183870
396765
321728
769650
721943
308824
133535
186341
764235
1886
994877
736110
994783
600661
410624
892084
808275
595049
33956
190927
631651
333675
965779
848096
641080
231626
670719
593023
109168
982189
520288
147476
347256
781550
81587
249557
363657
335040
176043
667091
928326
93036
861575
743405
702572
670148
764712
929724
352059
468326
11950
278096
219870
261663
726848
71088
367507
269126
825251
113283
755409
1344
50487
404685
459508
768171
440039
174419
927520
434131
517034
924604
397109
368293
572548
393581
106356
869068
502781
827044
906023
606136
682592
795076
720540
236541
170558
473210
77290
838017
886847
35036
309235
21054
334199
273813
997891
109813
77805
358412
178369
931064
393697
168721
767542
78646
573620
987585
941752
97628
354367
622887
643454
936616
506187
738727
32499
452276
988223
685387
173013
636819
932974
455293
164736
56158
106177
347178
215536
199213
429162
731064
581029
757112
970535
765434
566363
278151
692688
295199
311848
249088
100576
52047
411988
599545
576364
880652
514797
161051
57153
378357
4001
448378
91885
308858
863919
694179
655456
629372
503661
209375
101699
26986
217006
179131
669192
305987
85917
496575
884757
121120
323332
823003
416775
493822
512856
938348
693151
277878
95564
673046
570558
406352
193863
389044
928507
399975
387346
195647
467430
46785
276086
461102
487649
276196
237233
877741
281608
591656
64634
158472
788776
730303
699892
101401
89871
700597
360492
847439
567751
434097
793203
618373
238565
580494
63947
881640
405911
858161
547968
438968
561528
720443
909005
981847
497890
600535
924482
247089
499398
313370
82791
413983
946631
895421
749004
36416
526492
598968
944196
541923
839334
599246
710447
650404
154611
126125
995366
793970
470853
181277
995164
175285
222183
847733
202088
132316
44749
443941
82176
716309
456543
211728
862521
657695
155062
874626
623953
270414
335282
955048
762423
958581
846562
70268
91255
406952
583391
416657
578871
341969
898236
289618
544933
480413
961714
915896
12965
824759
734436
653324
616119
547946
819657
439977
117985
434575
156912
155399
594117
616494
610982
795217
985295
105072
969858
110767
590017
817412
105897
823915
299991
909614
561653
922890
360573
920539
430850
276968
401651
686595
509173
599810
638544
496026
39286
180565
288793
422549
150841
648277
638222
713885
727357
421234
40667
415019
932787
921654
347597
724057
249120
51686
781976
498303
965566
281632
940606
390533
21216
354279
857092
832205
317777
326054
293965
883789
515501
899925
730001
718120
102989
911108
239031
140914
315077
779851
464636
811631
865939
336455
282508
764202
437018
634367
676914
93625
197065
463174
221660
957804
863995
426950
776937
507994
796387
541591
909314
392074
860900
58937
540300
829938
166695
68805
326237
744038
531414
422980
142240
818431
892648
549754
922048
596297
30355
182177
202128
917694
873391
210478
877634
60427
261610
34678
478622
53016
962626
377881
738863
208782
287287
386245
863509
486769
529664
416225
666276
967913
129891
714264
32048
253691
390560
512531
622900
467774
186210
912766
497636
615389
578116
366750
360972
171457
878344
937943
271225
785343
871231
722313
94783
298917
28784
405344
52063
170821
895297
600057
817712
224730
898747
232104
678828
236048
710615
216774
282155
683239
429400
538215
21027
906631
818208
804859
715339
9331
497127
955794
138742
678819
181615
630344
839768
8875
234640
264651
637895
844194
988813
320298
747363
743827
673963
288756
444394
938982
394764
892953
365649
481295
264240
228809
489369
316823
710092
545929
864353
653899
416445
612880
107283
7705
536362
694531
884248
880153
392409
588731
678788
622616
638636
296409
312975
717660
113356
505140
66939
352619
289914
671713
340931
903340
290335
273833
687992
745636
998442
935722
683113
313306
197510
157213
542422
802659
251975
943391
59533
844555
898961
841340
849377
629181
423728
692617
335110
713825
146727
756321
26692
687238
521534
309964
272029
950966
438898
424253
407136
772520
37035
611345
742465
599830
855654
199141
359837
761843
748022
233165
719657
560606
669321
823025
498845
950562
986362
704506
375912
531959
314778
886487
178244
881474
689559
919072
585366
189935
308055
102345
493650
134160
776910
271217
760414
847610
586188
799978
956957
191962
992922
712731
943290
351937
686225
93638
233050
372542
234177
780361
913763
322003
440898
826373
929923
347412
389738
273217
614016
308335
486289
892563
123503
493394
56285
908480
665214
611923
608503
990172
650804
74676
495159
932631
203994
524789
125637
909638
713764
400210
555576
312849
433175
56689
913152
895736
158103
144038
210027
359316
429069
597063
936216
950661
479799
150182
331753
904286
750433
189118
816780
84737
511266
348788
661686
185414
328639
665321
60832
4943
474013
286815
219554
798170
811118
176796
604273
801620
166132
513359
823354
800661
817630
92319
135692
644329
454780
664260
450269
422989
449866
500591
401937
4896
39558
559712
209101
766152
391226
996220
14761
935337
337865
793613
873704
556830
199835
18787
709622
4325
657129
769239
260910
237257
727214
919586
361077
327253
135194
107698
402182
527787
617266
320985
175134
68459
863863
47940
312688
994536
304956
478074
763188
545562
625340
549578
354246
454731
931109
720142
140289
359382
945170
513990
376702
786554
197580
172893
994139
950948
962809
851453
422987
20054
239514
235218
762492
137580
221450
769736
22978
618338
529147
177194
129145
384399
745653
682142
830606
39179
393418
919124
671426
268215
808714
560709
653405
50948
622775
50291
694126
113366
685316
876736
20701
50579
723256
121415
437021
465898
398725
129599
573868
265016
497441
735963
160566
215478
728962
719051
660930
9757
315744
441316
693806
105886
694664
545584
283092
653051
635054
734765
143827
439171
871003
942274
110011
536436
753682
647704
123454
296440
119551
822881
111426
521918
208297
638585
209453
815750
275770
871890
548559
211470
375309
737607
429661
309699
168164
41320
574766
520466
954579
217783
721635
978452
504013
346664
245897
2872
13369
704259
93327
950933
115796
875805
602043
701521
518106
156390
995567
94459
817393
536562
78694
758712
758725
106211
948730
268323
675637
242390
478939
310402
276956
486831
52513
104658
852680
183189
916603
41361
893648
304682
377713
840535
709642
327898
446689
774416
121532
99614
892597
795035
933539
48119
10143
893386
145118
695579
678637
178796
344626
374895
937981
458977
652012
281343
921149
768678
97467
390723
854552
359371
191753
119362
420246
419693
478716
285038
876304
404453
723416
891994
501477
838755
442227
680365
929169
835621
174881
118549
138949
729988
761698
61496
988249
885365
167139
108752
436237
955491
619447
506122
841236
596581
711347
459448
190066
641019
398198
817013
376019
641056
30217
904477
717713
922695
879270
762607
935082
137003
506546
965108
511834
118424
930710
431263
462095
48206
66413
274321
686790
329503
12961
738794
910513
710860
550312
804813
779747
604661
758932
592459
234866
702383
915558
354734
544316
548514
721674
734612
648271
99869
453874
693857
761950
260652
505340
362545
695952
709148
672562
403573
155876
879790
866583
585467
935395
642687
57217
12211
674653
979760
164551
530127
890080
492086
893252
519921
911649
173439
78502
787932
515531
336209
252594
346969
291669
52797
531554
233525
577237
674568
397031
422867
856795
246416
82660
481396
465766
840184
600871
469866
92296
898199
522670
468785
331415
124474
521534
781440
685112
18633
107630
423038
432369
37573
584195
575772
178
866029
95311
830245
633554
649138
668508
319395
933349
533031
589649
216900
686394
704092
478369
996520
357412
380993
865402
56912
856256
233747
885332
476536
348099
587361
804695
649864
629095
496117
751471
689090
380942
750690
474515
119563
102171
796205
690918
232519
2304
357939
372391
870197
664442
838770
306167
574296
547342
392053
736202
111487
48002
940444
172130
516343
147272
861761
751679
778580
756610
429089
112158
266642
640525
205439
196654
126612
975403
893591
411982
226062
479248
864608
819379
199837
751607
354350
113001
793929
434604
48760
971639
664001
878147
704792
617414
129205
809653
935073
472389
479606
690442
617943
528690
141177
523060
4549
556128
771977
50932
580100
980742
453835
879563
613544
506391
969274
533026
819024
965909
954395
185811
725424
606659
182086
765980
854846
134619
108585
406225
689462
629719
635606
925574
337478
528598
924205
403349
439002
638577
960402
726156
799408
260298
286887
417197
359514
308464
474844
843891
139851
144893
432795
631793
734019
929497
784783
537180
313434
884028
735571
574417
902518
329160
746455
772611
980956
580473
663312
227901
210648
219900
654488
749087
304695
719965
362067
965940
705035
139117
744905
681665
186451
528371
568844
728039
667815
338042
744859
121012
797731
369349
589594
503705
611117
598358
988465
699566
744619
437758
706996
784198
937287
882261
559838
299818
920102
888460
442905
847569
13391
548123
111643
26500
399372
152387
55643
702813
59355
209613
279948
786627
823691
168753
300539
716587
262733
153542
880156
65047
724142
822459
309478
213911
790201
567461
33876
376106
853569
474580
107459
646037
910202
708341
775415
589180
906853
235204
778477
678554
588535
407778
249137
535741
822406
835541
837626
729944
301611
726597
696773
49262
971490
400119
406381
436802
826395
718431
327842
578945
56416
13596
779795
263551
212953
650707
911056
818860
902242
912385
464587
870301
236505
955763
664576
738858
744013
679092
385605
791788
616967
573168
774321
632698
206013
813849
760128
202898
308468
470617
186045
715820
78087
196060
182238
770787
538808
125152
395522
42609
449324
292671
583636
277076
136385
168747
612354
887111
267404
5920
346621
488984
744164
983035
162326
41881
161170
973738
338303
625875
53326
811243
977674
655745
645513
884097
694043
315784
514380
828279
600496
576885
375480
76422
822117
742058
333300
550917
230647
192801
545896
71489
824452
529679
167113
436136
569461
563124
423014
96412
366376
231943
926309
223718
695557
348006
347149
378324
307836
229057
996471
789217
648315
556269
497924
588603
863700
788670
680841
9232
120295
701433
362815
467316
252024
948434
673463
643513
963230
651304
255672
41815
715707
928682
336527
399899
960425
834884
990892
118882
404621
269055
566480
759144
296568
25906
955605
541976
862044
807922
393173
539293
841815
533448
467201
510452
45982
310834
941917
683177
201864
335873
538858
86346
994273
100618
175527
810884
564108
559107
7687
657387
68653
221021
702898
660094
811160
223531
906967
718700
444816
876259
108976
215566
563877
869006
736880
921318
777389
812864
456380
677969
856430
985401
75624
783172
719369
161224
24907
481533
751691
347829
39727
91773
76807
56905
186639
832795
264145
585194
73864
602892
861531
238704
955239
271213
427434
406882
473040
660831
424095
454060
331774
17712
408423
706005
124053
560815
6186
672581
755275
648387
66310
792683
782187
614055
47728
734929
889456
76116
375076
973129
527263
111292
303916
825116
719196
315990
636031
90708
295193
802449
971706
458937
399942
414307
862058
692819
32317
497013
163918
559382
230546
143007
783029
409986
835475
836224
890732
572234
309308
664846
151075
312535
710190
930064
958576
833636
909262
764753
679415
391256
995587
11692
580413
917260
582033
148242
129222
43803
5275
600539
625638
413225
563245
574123
992980
89262
319492
220257
784646
777447
947438
761201
360555
222023
432700
949620
677309
892820
537451
149376
168773
192931
231513
646851
875298
265019
203766
120191
190168
703572
838505
594850
893651
57031
892745
787525
977661
575513
483672
675991
576366
76698
304772
704314
70635
262866
102973
207008
760836
608799
510857
997762
346923
374487
134444
703905
687314
245926
104905
298988
649610
73200
943843
202898
333223
509463
472537
344296
646282
691455
320524
727144
612547
159798
593025
594398
382200
846935
331700
449113
176832
5067
328430
258134
823825
232287
746795
775754
671968
457310
290120
880920
376949
140830
712592
768578
347669
920531
503269
485332
466992
376168
812403
320311
510627
578470
114120
184309
676910
636096
85956
882684
294248
900427
866590
146803
934593
564782
205974
276022
769178
929391
657058
80177
762761
79063
935441
19536
890857
531816
662309
32710
852118
610157
607022
424815
806565
618698
223096
950329
38437
578389
273277
569869
937413
565893
495037
685673
812854
155853
383589
411565
234154
934741
809653
618242
768845
898802
305135
140385
487275
525466
535206
94953
416060
381541
526561
11107
694869
250485
889174
845719
643864
717396
173900
793989
539112
147190
467897
166957
187848
593869
994797
593298
691445
914563
153301
771668
767563
506991
984797
376225
42384
229449
798462
511330
243008
65915
277199
387381
245387
44888
701063
216819
543043
951820
829907
378800
406946
492490
962490
476729
924375
48694
41844
680028
339814
108240
737921
546700
664344
869949
286781
875428
777949
276107
606740
570793
597857
182295
394957
685429
396906
383042
616226
685074
941859
876053
81619
541761
263808
394610
951313
233727
541456
425557
370041
856935
909870
361793
510512
831162
505530
930268
633562
6919
526215
924880
145719
461268
173651
241163
80833
539536
674735
294451
221792
157539
195985
165002
379819
631265
752147
856640
124079
693224
241536
434754
850577
346266
755243
118845
504907
708030
502074
502291
220940
619490
169079
678701
873847
430860
23537
255507
45241
134098
601345
621122
168957
141269
660121
537545
41095
934070
600068
154000
58628
174422
270805
967256
188784
541738
425152
628472
590983
668596
19525
921184
754501
763337
693890
861199
297224
993268
89914
227115
471024
635989
494313
909433
505066
178853
230020
870700
430721
630026
149645
833216
610949
860308
804772
190720
653485
691692
535618
277371
175869
759365
718895
359317
967157
475498
625511
619285
72188
240978
396584
404187
138636
113845
17368
212178
548103
901348
953512
528860
717612
440187
866663
156827
634925
100977
186041
498986
945405
644611
628951
40933
920391
821946
557245
527779
788931
123225
97717
505667
691424
136660
945800
632790
565483
867720
1259
940541
983287
812511
711522
680769
452458
547404
441120
388369
917320
45549
731532
555553
449794
240634
984007
841273
505544
827910
806011
399756
367545
617662
843707
777408
951960
798532
877858
730551
604107
102464
446158
140387
266882
500319
803062
243808
954294
900783
87890
297027
627355
919357
570144
428498
270329
198203
5736
743597
779770
827770
7460
606064
547924
123553
545010
7544
393248
686342
215398
721176
843357
331247
428706
379868
111761
162298
446769
683227
613806
265954
273996
896509
562147
444137
592100
383406
641604
288947
713667
416761
791646
213589
433302
578924
821862
584647
505905
187402
388197
586253
581867
507260
266106
321550
605712
361084
811802
739765
417470
771524
144776
896532
905792
691309
124871
784141
240933
468289
821150
733282
995356
169655
105150
224876
533037
420019
824266
354878
839757
577322
643853
730918
717818
741123
54582
168547
408005
666765
5548
843443
95514
863246
152388
494581
970837
629403
456527
92423
67194
275872
232543
388849
83928
638614
39590
759688
402996
975894
420107
643790
688050
546314
300385
746173
626496
60255
991655
811188
860073
183786
671395
518383
460296
11231
211506
891885
688794
975971
842961
543324
299900
204207
35242
822042
628637
535349
540870
732378
242925
645074
177716
706766
37813
377215
250879
686838
302
165093
91062
289341
817547
418837
370282
702192
414338
425147
614550
210041
542893
16113
772723
737802
71951
963828
94546
576290
298314
761412
870072
586274
959457
611249
365005
364355
855130
289940
237289
635819
203975
476850
974876
423580
602834
4878
273792
183538
426912
530830
111637
585767
75903
527612
308546
356481
993018
122693
841946
538221
270212
918672
564033
852647
831929
602820
262293
727913
464277
395398
590526
507123
807370
255091
794269
356161
813275
481138
714704
483101
940074
615333
903897
28680
505383
121917
270344
70836
401262
664443
826966
231088
709795
735237
241100
839031
331068
432460
370249
541594
561672
10196
734862
872601
276143
260317
301245
97528
418310
706424
785162
860960
358606
79722
581490
976640
187156
499705
329120
370712
229184
937759
601582
282147
191664
993126
782402
716290
975444
954129
199406
523239
772919
209366
246270
771154
253815
915137
278298
216824
240342
212617
875499
261825
876961
648646
373322
163574
816777
111872
125702
964888
82301
708641
695651
516597
643645
6946
801369
898724
567777
44317
889204
505720
389228
650818
330739
516257
941749
923783
940573
602428
910971
288079
514647
191756
801388
960503
535963
293881
417207
232882
786610
604678
134476
56779
551274
838096
443733
501555
985300
567037
34145
526884
364159
412843
902195
719679
813595
183292
479405
126216
732163
543378
482419
330985
722690
8828
12395
706849
220990
397860
609232
105642
341245
379168
642545
903707
272316
196244
575211
275618
248659
282496
494242
642866
359763
383700
192848
522999
444537
220760
439451
734751
788735
390395
382813
895826
420052
293213
472624
188628
599167
137510
603868
719336
239670
853741
104722
755830
283063
843147
247260
582317
453215
897905
399386
205588
152929
838901
774418
156813
495963
844805
10216
185187
441997
523867
141004
936662
890650
661287
542122
559922
755563
331065
823482
510259
314609
263166
589445
900205
595418
50027
417755
103783
724088
171277
62953
225934
853351
266643
499688
879726
660459
100980
471707
780763
350913
272388
378497
377809
587570
584573
977110
849364
270234
360858
20799
431763
127127
368146
909502
712598
634993
208623
604876
603870
681434
680664
564594
183018
818214
298434
372359
340882
705894
535240
511175
812379
772304
468641
932848
82217
399582
643474
300442
486280
662399
151885
910435
175716
671698
846953
973673
353778
442307
661939
642054
599406
424435
890137
951136
74810
82955
169869
360318
239304
328710
332271
684734
305510
744944
280466
634793
675959
414665
284425
930813
466510
818911
904719
984372
380806
784226
615430
546241
472162
434099
175446
192819
895707
24224
131114
763125
246025
694181
263872
986121
780010
734734
786160
83954
220801
175019
416333
108014
100196
66892
982300
921375
496172
575075
56441
27646
808383
416298
549436
802157
87296
108977
275202
648128
162817
88407
686642
976843
928484
408784
324399
240498
259415
773423
297980
464688
656913
132553
137655
552330
879250
178896
29960
36863
695782
374176
902163
959733
340999
906223
499285
489888
913204
566844
980270
285648
575192
466454
141679
994560
731511
565485
185637
619532
626613
478721
661702
785291
666739
919910
591381
456107
548888
670865
670594
559714
324704
953076
364033
505049
565884
238162
843798
93905
463325
322824
383552
432228
272428
163282
318320
11069
97
548737
854988
795129
889137
142922
360590
300693
491990
561092
8722
721180
966880
515828
992957
792171
500242
314165
9577
803073
451345
836727
307152
626004
242447
835472
7569
574843
391795
197732
431737
925014
587784
458340
413928
262036
171201
749667
772925
677371
408655
868669
396738
231308
275755
83058
442751
655699
251199
541705
801677
838818
954157
643004
846804
727633
717898
285072
298506
679957
779016
557784
848098
281881
432962
197133
894941
71790
191268
143261
303663
115718
667831
477462
647737
474761
285354
734499
653005
515896
196912
336220
20338
159541
52043
560958
23206
194970
107242
295819
282272
131114
749938
459714
762428
8603
244120
94579
158004
15441
517556
227739
358522
440657
326712
823893
838298
522606
389439
486209
730790
829869
33279
346291
84121
884523
787030
997872
153185
58761
279450
813332
411485
74853
569579
492985
190426
201529
939209
882418
262228
856950
400113
868486
13229
127886
805460
749399
261056
403490
808689
464479
259169
773450
35139
208856
483221
771042
808448
98525
546454
698360
218573
495794
408025
714545
327271
981693
338757
166317
659727
763612
44236
780901
982958
576277
546231
128075
265618
504606
669537
313329
208377
377935
930632
54618
905611
699081
228368
118415
247429
663654
455252
340278
15800
175491
832979
289512
613100
125462
415036
827478
254898
9364
44034
609304
821534
724306
498358
721847
625174
162521
389440
808240
93827
260805
165359
524204
95842
719266
648697
354862
976066
796457
655499
62970
62679
372788
675886
161396
735396
562408
829913
112609
131940
511541
243978
332126
585473
826868
675961
793455
364190
844655
935116
460031
768805
202339
22391
722731
396120
375566
759588
141277
262875
942317
41407
508877
740952
458753
586180
309031
569098
730898
513899
198995
594230
195693
570028
364553
339404
767980
491148
288699
909810
871734
627762
958896
902364
581457
168133
72223
556938
162556
471214
310036
859223
276142
567916
384946
476137
755
813609
669019
530536
397456
769296
194547
925822
19630
649839
898451
381761
813713
650325
250386
336273
756028
66419
690267
565137
858836
406314
199093
549527
716413
521719
802931
578256
161619
642819
296883
338271
429712
672037
337667
115831
100933
548616
690898
69919
45904
875764
983355
136079
187317
915924
32793
211896
112256
508948
200925
103551
33363
598750
672926
876924
407476
689881
513708
551364
654281
735382
618976
268372
51471
384151
231445
635389
752716
74317
13722
975397
965776
218878
687604
515277
973502
932989
872497
83841
490796
839931
669953
63649
378459
585127
779593
983820
933685
436159
861958
386997
832832
742847
61133
863653
646902
278728
554719
42628
769970
73808
874992
318668
81722
990489
226388
544720
101837
106143
760398
242240
557488
404049
198664
202501
551753
688785
260847
597718
655701
993530
187589
585550
785588
585254
435353
782352
110640
803507
669647
604571
375352
707257
481004
736678
697558
447821
925709
109160
174913
830957
189160
576681
421064
529209
353908
689473
165861
559836
629058
464532
978867
369439
946325
330464
576803
340425
885894
389777
432374
801306
664002
451505
866287
761128
339163
637968
252416
590501
572131
224320
393283
802904
576968
971136
780747
266432
377497
474380
469238
416380
206
761595
36347
298302
624703
17095
542753
141648
933573
316504
6888
314923
232666
225259
897288
330202
22756
809001
861867
989172
723223
862284
289363
963759
580558
536108
583348
598389
970901
599379
162231
98868
39570
482733
372933
163691
145132
277861
384915
932840
610435
261994
244313
268692
850473
314890
96370
598200
419219
596708
962469
228000
769934
80952
758730
340465
831421
505973
181302
511995
865815
942696
723093
736990
604224
859325
951746
99997
624146
673453
314986
39187
766289
847608
604278
400081
82290
818018
58640
966653
808349
350633
364832
922530
856836
455402
436755
975434
909987
126396
912038
807813
237731
783998
684489
890743
631560
973764
11990
664679
815183
662904
401067
56758
319589
549856
43183
334828
566158
592355
156847
342708
526807
731664
231523
160640
52974
706358
767116
411968
467263
789411
624042
603199
529248
94459
232874
452918
303860
824567
413478
155203
138611
352498
86555
498970
599199
781520
51707
574780
418583
275312
89212
417886
526200
455597
811415
731771
136709
799050
141423
504284
586465
207732
511560
414522
683933
599084
205626
588427
645920
771404
549714
258208
254086
75125
279191
814505
450957
339122
718000
969030
603999
93947
117997
704379
433673
444115
383011
365228
199743
336319
361261
622726
687248
25383
807070
319626
177478
366705
646155
861494
841793
463691
653454
152902
461860
47058
969108
857916
244832
209386
718652
391980
163569
794542
763874
894189
89983
117831
775508
57188
254855
995037
651169
971747
154851
910953
872882
859973
301660
14401
359947
727498
843350
116684
319940
471924
494079
23854
347998
219163
775960
564140
222168
213702
572968
548685
786805
271223
575459
506490
653307
765381
148214
728835
732698
700723
19282
394901
611325
950053
695760
552389
45595
267866
178594
63030
297810
210446
827525
730362
647984
284460
55664
487547
686564
991090
8740
69833
407524
692452
284490
695187
893474
957213
692166
377718
906266
113133
20006
306704
909546
926315
680957
405299
242398
399195
533244
744163
104443
947779
330780
508206
908878
626112
557382
92297
195473
208536
524971
480234
587924
971349
747079
22533
41684
259410
967071
555133
319740
349774
513732
412510
780551
164632
19265
363626
717553
369008
372641
655603
317013
247679
525601
289280
851332
65022
656191
270197
921360
405978
933655
854442
30898
990000
581897
995221
293805
236541
159078
358389
940757
411930
688843
143929
92060
765345
400774
546013
710930
642199
915094
655911
719872
238476
437606
252037
600728
160170
447181
327558
953927
634776
345281
470989
568574
138174
216801
684168
145309
609255
567651
717277
838971
212138
904489
144819
324009
721979
739390
942296
549250
953746
141823
450956
953158
807456
152204
688109
978353
592283
961662
165726
332919
71109
584414
558851
994681
754389
124139
193080
333026
880304
922368
152592
762399
30916
802617
334169
922886
434153
431229
318084
464524
781829
979128
861614
937564
667783
978584
774206
287097
159339
816954
197063
111958
137936
193721
27471
799485
641710
646916
279826
635023
594588
642109
242129
625330
243462
242130
720768
27352
376713
83337
721569
817708
499754
140601
526726
887241
634087
491535
746607
681122
392125
192914
893523
406282
515319
496865
144193
171743
202648
237265
33796
428437
801678
15744
970390
282968
996355
433109
233366
778428
703951
212687
794587
214499
69349
185680
972139
460624
909251
647034
513743
721277
340678
908880
479771
930703
258772
448325
424534
813921
43859
637461
771052
864372
398852
755186
328097
413297
641210
984759
778534
599717
622651
562204
550745
672551
918326
738316
825146
40383
545941
114627
473547
479095
867183
920406
44477
920419
257658
543900
563997
414829
770882
41159
584792
406217
541199
802329
661283
51691
199073
305324
460906
417376
927359
319349
811260
867824
299804
483758
174574
442984
308722
642918
963676
57197
723469
542082
947573
149150
486098
870207
677487
473640
94835
757751
524978
118670
188504
816559
613887
983400
937771
729929
572950
141880
412161
433649
339174
472789
26123
187568
475719
618991
940172
747252
939310
211742
925420
476770
94561
262231
339818
725319
680082
951229
746031
835177
171961
753271
768882
129546
95621
119711
740533
471229
664874
380574
89451
549263
741636
402745
762183
829494
536522
641805
995890
167667
397074
577080
399096
46039
805580
179186
956567
351476
592961
913630
691568
904578
157381
170000
911023
151632
187556
806520
746636
53803
439964
323027
324554
765631
805968
467936
302809
656884
189474
123265
942190
137963
212706
3705
652802
802576
265407
12801
480922
521801
896964
522865
569903
846678
6030
637518
925582
517438
249434
227409
617467
691506
498821
475780
430075
463340
83263
630422
629253
6893
256601
925021
573930
291623
649872
659173
584633
859960
865340
217724
51296
193819
155458
57739
685011
365974
38505
152437
895305
34008
699397
606175
878722
632591
312939
347196
965094
91963
51414
114177
437212
186907
169173
704738
298195
640775
693030
725105
733843
623871
600082
825552
589486
186038
477457
785735
607091
377686
976728
37582
97650
805844
313834
338504
386474
941129
397347
860110
70954
795285
448082
884275
577211
68080
307058
493688
141082
127951
728362
901155
287749
345201
552655
433857
550132
220039
729631
219206
641785
61011
114612
599122
765176
659532
554641
91929
507158
759247
722107
634156
979257
826472
741140
301138
447799
638420
888981
331863
272274
550913
603081
653519
371043
972141
136015
644130
589965
520510
544952
764606
662551
521920
516429
847229
188647
926589
639009
244027
743008
304599
202958
1658
123950
25152
487468
655844
835435
123655
773292
889266
217403
838404
645198
434774
434154
47703
350007
366635
587639
845198
668471
222653
11847
671737
210961
723536
295308
266777
828581
71132
322723
314871
531303
576711
339659
804292
6430
119367
719151
349473
357944
415288
759585
596558
645916
30532
872461
184161
203441
346570
874330
354353
967081
705140
502382
960667
497550
835982
37286
677016
142349
504885
162935
657668
482993
935391
907254
563052
939450
351388
484936
822073
853716
434062
972859
778657
58744
875672
546385
313885
592386
760181
711142
330829
582146
561917
19628
218380
605446
718792
347833
838374
960692
931167
834439
370772
69430
156558
294084
881579
32688
355628
393469
656945
560227
883327
174032
598718
635112
408490
196482
624104
122521
906593
820348
788048
323257
739526
899489
329777
744322
33165
284686
433974
91015
521200
919653
249186
389634
473859
869750
996910
317330
226640
550608
317004
183515
117684
392394
823074
39212
815573
211916
957721
97103
465331
530574
26147
837839
506110
948915
524345
161563
199452
356638
968504
506958
768021
916329
549064
325435
813206
343239
150256
806860
914148
103025
862075
983590
541219
709590
139165
215155
759768
38329
481683
406416
748345
906820
547719
121463
4310
326088
977627
46169
720427
889323
623156
914228
91306
349480
489555
932379
48382
108112
545866
803399
690996
781771
327660
23573
605616
795339
327306
669884
935472
220040
336468
210298
201899
300488
290089
558132
334653
810327
462544
703725
123366
285899
156575
165147
286930
120021
15998
653206
586811
539032
107349
216613
568883
367336
576052
333956
284219
148434
989099
738569
843059
297028
601970
256718
179595
74704
326504
643053
935585
355194
566837
465199
53191
136393
30402
493603
947171
708309
52907
111073
402234
56414
90303
447182
410955
187678
738909
625079
934571
621550
660048
876793
723649
733338
467494
646254
372900
327618
348476
857151
207773
747529
795243
703459
848613
559400
82362
967610
792454
801562
488317
595371
138198
97430
852337
841326
964364
732535
491023
101988
477715
325470
717728
675722
744716
803727
488004
493404
242949
993472
234666
150704
902925
939211
646911
270588
957205
381105
411123
192260
733600
961822
697493
346374
827095
902606
925268
340537
475302
511188
31735
68541
498425
118371
368513
501904
483647
886851
179099
295969
805246
365550
633802
602594
133583
532624
107933
425393
857267
748970
835462
112179
341700
583166
681000
74370
830925
316794
558625
483368
420287
619222
433526
250165
651035
255529
574567
166745
505807
402461
69269
357265
218354
853453
727775
619678
452092
822413
456502
594765
825572
358824
570978
727852
247626
181494
694800
702132
81679
775283
976081
746491
602081
877395
510269
119877
620929
625031
485395
341184
582052
102398
861954
466844
184732
322999
425506
72989
627321
114028
718808
853611
625377
808813
859692
397317
343313
518307
676321
692233
64469
94931
228183
856722
145665
930362
608980
947133
791663
667034
849179
194
793854
153853
692985
156465
474979
557063
305664
408927
645475
606006
468882
205172
215652
714623
920048
331977
314296
597979
832933
957565
712570
319344
963119
989157
982177
455845
752659
959571
360988
93625
611034
8514
641195
535219
423832
888812
133752
893917
308475
65443
387159
944847
575548
55709
885
737521
587235
860623
376696
115028
903084
295918
907731
32700
246669
452687
736334
618832
413421
655585
333581
746349
401385
425757
400100
456330
571599
221477
694669
181834
497939
145825
197371
582402
403278
884294
969390
377790
880765
437504
161761
302484
915130
702616
131648
140801
12167
75232
679886
16471
150991
756380
927874
510344
689887
457950
142372
88777
143886
673441
845092
436057
901936
478181
936990
827252
729170
633791
975502
446384
653524
188532
476468
534161
444727
578867
859908
471908
403403
372567
236707
194817
445406
633942
7791
606013
522356
887939
766419
248251
746723
526101
282330
430795
971574
572697
604350
384796
35088
39705
595749
506744
739123
386483
118662
608456
504924
724039
83953
148990
765655
766817
551979
901095
787043
816705
292994
487522
542061
82035
548780
933145
639706
92743
257144
495402
661298
777715
695979
701201
81875
717304
664470
565390
836867
607785
327680
642819
55338
947478
360235
561024
816345
11308
491645
476090
537567
950068
492026
601847
769461
347618
441468
370058
836998
308930
303258
175646
37043
728814
967694
626668
785830
318842
762286
823155
591089
273095
64402
659869
496145
606225
177293
600688
54128
688202
305926
848189
773200
654644
28625
300749
508308
86519
132982
530156
80596
892806
821835
291346
264295
138977
645711
294621
288587
899530
269438
14893
777445
116969
633153
183096
954343
620516
774864
158478
691175
468350
387729
847083
183920
273944
820540
734816
247670
508474
189593
838203
553008
903888
34698
359503
88502
152118
624474
979310
861640
161639
878303
520040
789328
433008
807790
401780
249506
692760
461568
761266
668546
175410
221100
605823
770034
882726
361839
56965
673460
277239
792183
859341
121629
55075
175742
486555
418115
499366
316007
499402
782396
994315
788978
967269
558389
245012
398250
716713
739884
409019
497644
275383
152201
556209
912553
455852
12440
302821
972264
836040
470623
400561
711452
331024
556012
716048
43011
102094
962291
557102
668388
371016
885250
452761
640141
962637
683741
900052
285832
351239
283458
280062
841290
103051
267748
686129
612554
410155
483508
810708
708095
785479
253543
769984
704528
617323
807925
204395
545210
353797
710639
723810
188657
328488
574214
11092
705484
8888
872090
71253
12543
431226
102445
550780
108955
718799
467605
368592
230075
760481
297059
264133
202459
35696
24852
649486
96408
59646
984095
623000
688501
937393
876043
227358
996660
628501
669079
127707
742471
125806
90583
898044
634060
136218
394221
688280
800963
943611
679379
593567
842217
193744
939526
116230
729446
193214
265642
308878
489639
692562
981659
79393
669810
475471
967517
289810
806732
447725
725847
947275
700008
807279
807529
339114
269837
169834
818657
77592
290757
814855
65418
401394
407467
348814
62977
270783
852284
277522
186573
461977
72770
515608
973694
210417
639948
411708
187111
676839
515960
113698
150862
566894
806049
452203
228995
643791
674589
111411
956941
463032
750152
271578
108305
36555
76462
73833
599099
762887
262770
814993
467542
19677
940062
521878
156086
684579
671441
910
978210
39674
696890
409452
279379
158972
734062
345853
948561
410340
602554
3884
540419
741979
985569
808443
514515
501366
457240
423534
885050
763120
818872
851733
823533
73505
566367
236818
3469
403098
722743
857711
817711
505484
127092
594799
561308
980463
376354
349637
714957
317539
420076
57876
662986
678507
95072
383103
560597
894795
356582
84366
882043
481967
797393
803742
304044
679260
212988
185198
581410
41242
402825
692830
200282
313389
729686
409055
940008
111955
661250
722304
376713
510136
88985
928215
663530
459260
771044
198668
146741
37433
202473
26597
754702
621749
250070
512998
407653
66053
831248
566810
674662
322680
523957
559877
874775
851212
471133
17216
38843
355767
58778
354124
826046
756036
44895
425206
123929
221961
846310
685612
699732
548531
480637
985756
711017
912471
916724
562626
156190
777049
607489
244304
969740
75533
38670
771186
148469
512644
685593
19990
494110
951246
962613
648411
48027
254472
735364
680302
136879
15064
180617
663394
52385
948608
322267
860608
832252
102019
478345
640917
178981
875931
619753
67065
857526
857180
111497
119727
521293
623880
837996
645534
231288
66176
843531
212485
446916
353730
850942
876501
773775
711352
421537
339985
126671
717319
603946
572402
144001
337212
877058
831628
223590
801352
47801
621895
181874
351802
66293
126611
287199
148098
794349
435321
176215
730120
387897
580291
173022
459970
255480
970642
610257
42676
139850
104824
829479
888529
662905
642192
394402
815438
165417
16390
922356
510623
84644
6659
7575
188129
971125
93472
741072
683416
622572
929998
297515
436441
727192
846633
830725
810091
499136
725991
133057
216175
150039
670906
284112
548497
472299
432047
250876
983659
183028
640196
725273
39449
625237
188745
752038
524171
641781
996460
92297
657659
866631
820598
315831
364751
439129
4793
584802
247086
201225
123216
555954
100332
648986
379482
904640
798101
565941
532196
229928
486766
807751
656896
691355
218218
289855
55647
203130
118153
835310
156466
718531
884770
955761
497458
521683
184889
167521
702696
967493
45210
56653
676186
381885
298912
219771
455787
263593
350534
646782
844265
933317
795249
475160
45422
109494
776384
55005
969788
563464
184432
165723
823649
30478
508624
539916
121704
74302
938559
246730
756446
466429
621498
607925
341807
439423
208406
783378
709732
942013
341506
241239
816815
115483
341975
238847
102828
248637
773585
432638
912142
209669
393775
934665
231382
77102
493870
613514
507939
56979
933746
457038
151982
226666
972961
639038
477093
186711
406146
391628
143031
479976
754788
203587
662723
376010
282796
212034
352208
133392
33654
725836
596290
62550
294235
143133
116507
893022
488149
480855
438540
179518
797274
360266
230534
929468
309500
632959
164405
827900
833163
668991
999042
641234
949568
178191
606205
579607
896537
240861
90675
431695
898603
547115
512978
904082
226957
620318
496490
877647
485243
292732
15209
765480
448907
771940
914986
258636
259871
343195
455343
607616
233211
935144
972533
620518
992218
156207
958142
601569
941886
5325
438066
46373
42005
493516
769106
805943
528710
35254
446377
556922
413475
502551
849050
836783
730495
861187
102760
474420
519345
252195
87128
585617
789661
13027
726831
767334
426370
996078
228597
139159
375816
310159
250676
679100
95137
16704
503089
701535
319645
169663
737469
481593
899597
598088
783587
612012
25600
476936
486289
809328
145358
916665
737291
425052
193930
828227
913889
388415
657259
486850
738095
664171
1430
902177
657777
74133
403576
936834
724305
349078
556711
34304
310998
446591
789461
282895
731964
992054
642255
568785
603172
833072
217209
825955
717924
84892
650595
923636
352002
771502
977528
57475
539741
991243
954209
707425
381672
931113
54068
116357
401558
383350
487958
649209
42860
383330
384233
183782
679659
585935
739114
70261
587998
743794
811153
214657
145130
351200
250225
565848
119074
680567
501737
773200
984768
788820
608300
913448
736985
219985
789760
781207
797847
236389
336031
369845
941552
280346
528028
713270
443474
290608
57106
66448
390924
361997
474387
509846
525809
552267
869857
128671
493003
744306
557743
711258
865473
558740
943143
306462
473934
651115
386029
838760
706014
991288
726898
848084
986580
926030
68816
197504
935229
926920
480116
91550
84065
409661
941565
187498
302381
80686
114678
172770
289347
117467
730944
155142
520439
157809
917497
214179
545981
998355
657747
23793
307411
436771
715552
567736
976981
138441
496926
363542
440539
465421
773545
676001
22526
305678
198245
66008
23108
914142
840947
243614
875506
993472
544862
675988
352193
431691
606816
359444
687615
677434
825046
342158
509764
622181
698200
730715
555920
882805
575112
466886
480256
318854
594807
138365
941917
827692
321384
180080
827608
272638
237799
507766
389968
302144
807142
886586
49618
155545
370275
298197
478074
174445
648681
969023
168601
746390
561321
299103
191135
183878
880104
742509
726516
948659
698725
833049
160941
169088
249462
122597
43151
332007
602434
132618
462306
273057
387630
193459
215121
589811
741485
36375
697884
332340
360550
155131
391030
470212
566092
170496
559566
316209
127392
965145
26136
424215
976297
523677
805850
152447
993829
480291
972881
335773
163634
4503
774369
572676
532057
347373
678685
739720
309914
496932
939501
303906
989866
790796
601597
699283
154229
838417
592689
763934
950934
967094
463582
355137
722623
117772
767181
502249
943902
42028
146196
710944
577724
122554
323048
26001
421140
647519
881724
231070
467637
374755
96974
342221
57707
637693
672466
204630
611773
552006
232935
819235
981116
804358
291428
205223
23644
87650
564567
890715
467097
709953
704180
91622
536649
413584
203896
514291
333194
632472
634471
536406
989229
58771
952576
699156
378604
416870
155133
750743
895279
448414
387586
404869
390942
12783
298478
361676
368423
323051
467221
916772
588286
91854
226173
763210
930931
465799
777549
435799
842726
464000
302655
171747
844810
763365
941332
444421
763999
939974
434314
146348
876098
615703
626982
90260
150617
217878
317961
497668
909667
550819
351710
69328
978482
619372
792844
394026
92745
6941
429351
669837
958829
286607
434650
183389
582814
484568
744748
595504
791931
959313
143579
208937
195042
872713
400315
303525
580772
514417
44285
862768
866385
316663
875127
613636
318678
518102
586449
775796
485965
235427
28144
829654
2566
161506
275437
314751
671671
874768
667483
495496
130209
685573
698261
936050
301664
437421
188086
515781
950842
721256
676107
256640
29825
125153
801866
290684
517001
69967
627984
781783
379333
609292
503826
593048
457251
910527
270440
658502
719232
499165
727969
858030
125393
391331
537423
768562
603208
18398
886341
272145
170758
609909
61353
153236
335210
483440
920983
726960
142080
374746
171242
55458
285916
378708
439893
667154
956412
373277
51082
303937
305832
555339
669984
981800
80559
538829
203230
803674
658538
192149
801835
99100
627848
789189
175255
570124
338278
914823
331571
866986
886042
718241
838733
315698
284646
718740
731872
721784
380133
100489
560381
608223
368711
863309
150699
13525
143602
543342
295088
391134
816640
508454
432008
356845
965642
955031
170949
107393
228460
162063
527836
231855
871969
197570
833730
940633
585793
643227
723154
871804
998764
551187
887169
557943
747160
577884
736379
793046
841567
119503
437620
482861
960529
80112
122228
858621
137607
968266
18224
502812
365125
326709
724620
380181
145767
856728
463406
932946
626681
548533
800682
358661
180573
744379
319485
30157
780624
854143
124358
233160
134967
898436
727968
149275
721470
237581
322362
131433
220035
136544
82424
445441
724376
800089
822115
117150
81512
19720
812324
507779
794123
452196
44583
205889
113055
34386
831579
691839
538422
621991
62145
491869
124699
952663
265303
45384
69466
316299
700016
10772
791204
101192
820376
129807
964793
631025
215379
616147
944951
209741
193758
703176
368610
30681
95190
152628
886951
782446
987597
290850
994881
607914
364734
369312
168357
896678
524954
818731
763945
642732
253570
529436
597936
71657
103920
859399
606218
800320
14664
554528
227539
750583
200853
295549
180118
945460
790646
563218
4540
760584
103480
969128
224412
965191
528688
892650
742137
497776
384265
732046
618011
194119
461024
706243
112538
189634
875291
372059
398056
444693
224683
539232
238608
427377
118328
798396
329547
129621
488534
115675
544974
142515
519901
799302
378799
738964
302275
584196
757216
42582
86244
344054
517696
121344
403473
297389
479143
629555
771935
327163
720421
881947
465522
236846
580823
427067
304705
896916
448751
197956
898393
72991
938219
881914
841416
498784
984699
712121
385291
188007
13407
706907
515531
704744
110281
415624
459338
548052
690538
709382
89136
125009
150332
413990
420086
728800
619245
106664
777448
970238
935779
176920
67854
381378
208758
355082
209992
623862
885030
423928
128726
244182
878822
445335
760428
523355
292048
801969
748153
803181
610186
622488
286233
793042
827844
839893
675106
989044
419678
373396
498941
699062
632465
996293
424090
508070
536257
292439
154533
805306
476720
113285
128126
262868
513112
521430
242035
658895
988182
141148
31168
104442
773638
55420
870646
71543
522333
711048
28049
187796
401220
633953
712198
342839
160156
317460
652180
653507
101014
797098
80235
693194
788120
545206
804858
516097
831240
488660
211741
307824
694256
522085
514065
529316
274376
568788
360308
848803
901432
566786
573173
18529
998854
801076
33134
451314
922879
959384
124922
402266
471981
329840
894304
394618
464054
481985
37729
34456
185461
583708
691443
902154
817242
317766
927676
740357
172118
515354
451602
141022
327638
750491
407981
511134
801124
114696
596488
707815
514383
692143
580685
718667
565594
600006
492641
499029
589568
895853
163904
531298
58445
410397
276186
518722
619756
396150
646909
709349
369900
803703
298255
336051
64408
29515
619146
47311
134426
877590
384209
365824
848879
778104
612334
28207
802365
934641
655521
357834
399061
102079
448946
361909
374726
431940
368333
59192
693361
256093
259643
246020
679565
327261
621315
89068
954613
721412
68682
911150
319724
120032
353994
178027
20670
564571
341959
39194
483299
689720
905308
442996
595643
539765
945197
441632
279571
21394
729766
492517
616552
23317
331890
396087
598060
409261
338084
600351
102473
847592
512082
104918
724424
707906
215911
352288
520861
527192
850875
802060
699807
356033
174722
644694
314071
380984
457170
211560
521092
666312
888495
825387
78980
881203
891641
561863
224480
301315
278036
49841
311763
601381
421557
843688
236859
654912
778975
96425
752571
885195
606280
99336
620616
353201
286644
70538
593944
840105
556861
498356
447853
219928
364188
834302
80386
683186
863753
316510
529153
843188
314478
453940
695685
566177
328575
209796
434440
421844
263471
655323
540404
475245
704182
800528
574161
189374
923688
19507
658343
737497
541301
904617
195601
604865
523453
223298
692906
863931
778262
983673
489995
280952
982687
668915
558597
848229
644269
894200
806480
950887
454794
980037
593617
761912
657204
62791
547640
210395
381970
484953
154921
252051
157783
782693
718597
802717
314862
885127
456539
430190
334133
901971
870543
955398
67558
664722
213447
887061
432473
279902
863724
300989
677425
168385
268904
720220
630438
247601
425582
250068
119075
157247
201239
29050
257517
835763
867413
325626
486707
508961
587020
457319
442520
678347
949649
38802
211803
167100
285960
143058
30558
270949
828029
842571
291266
690667
577458
184534
675592
893934
44284
757569
509443
820232
20876
58015
901340
940055
88007
329154
630824
312454
909296
66671
944322
426778
940335
381089
704300
689366
928745
94694
416175
988978
880606
759415
883688
147389
247508
117370
598709
770159
524549
978254
126503
547313
696483
869251
608615
995806
812768
976807
550776
264040
520567
927534
94633
249642
628959
128217
810750
845873
328635
345282
872766
612711
773049
408893
844987
784728
780098
247400
980943
443411
228599
151287
112003
183663
224510
287884
460824
428213
266660
904817
618116
58643
514179
559384
392907
733603
994796
118449
331864
572256
444367
497921
715904
258314
291225
922153
822371
982487
151951
380632
498307
750436
385603
861265
323142
22098
676749
949202
635243
36501
882349
775370
694392
837751
986551
57329
724234
962024
827120
704223
251319
265272
579578
403377
324292
669987
734650
380482
947029
851707
718535
127983
560895
909067
247865
899309
463893
407342
8249
953984
412065
972562
962516
267947
315505
94635
981806
862672
793424
246899
311871
220607
901164
933492
168011
960382
460164
662022
332592
922189
851704
803987
675734
426025
827660
35528
287349
908534
83986
863186
817320
986181
515577
493976
772740
433022
971503
882024
348885
752234
442883
919351
963166
860086
105273
864447
168133
732412
273647
530931
69592
368949
441315
631365
764655
852942
574335
773625
342642
475280
728981
28680
798990
54630
672529
672759
192665
660767
464944
829444
672241
142704
3226
420125
209795
658817
320390
328962
603780
86227
116212
165489
261729
541449
748227
804895
870970
680716
800235
136413
888103
622872
719065
430248
831146
985052
334915
473422
501603
915938
770884
139996
273343
181906
720862
621827
866930
343493
838367
295486
208315
88499
434632
385457
190725
412609
918962
395649
990650
875225
927300
598098
235392
21742
994165
24086
967954
585662
678541
641732
657067
239817
950896
93299
484888
207898
274500
735326
893210
176954
52202
420516
648025
449738
629558
272796
156502
93388
385793
178387
993257
594798
123051
14801
753490
551381
456298
810927
964679
973378
475748
867443
706332
518153
124270
235389
748226
213014
199801
992008
903807
852925
820115
279134
301951
782703
518173
400634
136524
452260
897936
216643
629233
226038
864120
296713
762009
710084
198562
438652
189132
428369
830959
153033
30171
304290
274517
246925
647685
472884
951403
260381
387594
611219
717507
678676
480420
89904
10822
491659
139676
913775
338948
726688
416867
720217
222527
747987
402125
742867
443853
771862
626206
268673
76605
99908
584057
61607
54645
349032
976293
246250
493809
952345
371513
635830
984951
703376
841219
627292
744034
784589
849193
47723
5622
265979
529051
649759
399443
317202
413870
703870
388919
138662
935567
586742
43123
608685
188086
272936
178118
528217
516781
975519
355653
920542
490823
138328
94003
332732
744757
556190
453960
148684
273056
122518
328487
46308
134083
523461
914023
875356
294651
784150
378109
971230
450978
296669
946647
919535
276003
642706
869888
798558
971734
276571
542086
328216
456944
936035
172999
330871
772664
515139
800772
996201
158613
582668
894471
967682
689355
667579
836995
461363
55808
198097
155841
57218
241027
192038
37605
493091
272865
171500
740256
489825
457630
121661
938660
972247
518952
42774
462967
373839
743471
588099
508769
479996
516936
117956
886926
754728
908989
155246
129661
366587
98124
213631
910346
297918
189431
875513
176471
786366
533451
862530
286043
590608
934171
695351
614128
222714
611894
4327
551568
804099
598515
189341
436647
965124
80568
258115
805573
522308
709791
98887
930473
344623
27224
298091
714408
713703
127917
413317
391705
619015
974283
997427
111223
877635
339255
161246
30278
85001
482590
871052
742085
691578
503165
476112
658880
282401
623069
689970
6088
345430
45977
688048
652597
997087
475112
340699
993441
767081
769990
950931
835751
596806
135603
221635
905214
51048
840495
674910
296699
338870
836918
58233
779931
74160
573735
998140
631549
399918
97047
418234
267559
186658
251743
808324
907559
418296
93521
21509
893750
218338
170856
407375
817358
421944
298777
678605
789115
685837
161622
126461
313049
514689
840015
453361
771636
845523
966473
325165
947635
718235
632830
137665
376486
697849
100781
872471
385307
537556
209581
513407
467081
928423
406942
499584
281522
590409
629503
443622
94605
793238
443062
850390
386124
643688
195409
455194
661323
446712
97463
42403
538278
358346
486042
709299
235123
679069
719572
748302
162603
975876
519384
552892
660142
678666
550165
88050
304825
490964
458601
83030
951277
840481
500812
314986
155826
133998
717556
946764
315002
882417
260733
548502
448510
309835
596153
50047
577760
80251
961861
47286
538355
112861
535457
445555
433083
99075
487228
692957
755300
596093
852309
265689
372725
267241
614013
85742
805985
527900
17059
119471
776488
693716
485364
188275
824367
191060
883856
412046
47458
87337
436472
919345
738595
312107
329197
615733
759269
477101
794144
702819
471805
654113
847076
277951
357916
962711
913672
849353
196285
221322
194079
82021
783318
633396
271915
913956
706121
111496
454872
560334
18786
6132
414119
122347
13951
180078
687658
500297
482516
725412
424770
910983
689667
780400
631125
761174
510366
317509
648544
852632
646704
378252
724212
706534
723826
707897
414185
843727
317359
91893
131166
141678
14550
200071
117349
855605
16657
729843
197365
900740
28118
219394
504488
680131
152206
681302
253525
456958
882996
656471
899877
828388
564745
200189
90276
315536
807112
485937
155363
497014
442373
22877
122116
174175
946252
159827
774669
736728
466896
508609
494393
20582
901562
471352
613655
254416
211119
309154
597092
869743
874344
410763
53396
350068
8257
107651
661033
888804
747733
452763
435879
889839
519783
772883
606771
624784
766592
581231
304900
38816
511178
419096
509714
538293
619750
759814
641200
980714
711635
949038
856361
909781
511602
243171
748988
63654
553972
19944
442504
604403
331193
580131
66596
280860
936250
679793
437401
932332
496331
122622
518824
652945
984576
677569
363609
470104
731397
457421
21818
169171
302002
761486
201538
492035
360551
459393
243378
532295
230375
616205
953230
718248
355628
966510
631348
894912
883391
749941
688871
491224
137530
926075
307646
758116
745942
409334
437111
873549
986917
705805
684197
770268
377756
834638
495269
838604
885556
169897
652049
217274
296178
724249
785651
90379
699460
506347
135368
181709
209175
163908
635174
516095
105806
832027
436192
988865
517709
318403
246121
219607
583880
49335
19012
376216
923698
273478
374388
709811
166310
183202
868168
901211
937907
527936
33523
846008
66759
354141
451539
119506
647562
237702
126551
589281
234982
509991
270347
356856
823013
372498
806748
48944
807504
920350
584081
280485
939858
158523
894864
723660
916137
540423
633644
702007
109201
740720
52872
971645
992234
459095
837799
479342
882479
792477
116320
111036
819622
640232
639271
820151
900085
993404
106817
863618
589796
44009
531949
110532
175161
660526
123795
913173
215364
955238
379206
164661
763730
306314
742564
462966
798978
530472
522601
768137
912778
104118
161791
678527
381406
350862
858953
144465
128958
889817
211698
460439
435946
806585
806390
6908
257233
875366
848451
496673
357901
300688
529555
179582
89375
278938
390528
749942
791513
435169
378163
660017
697299
257375
158976
789795
790110
555379
442208
825456
239267
144698
840716
449654
433492
962614
429192
941690
481038
998078
893797
541229
833207
715338
379348
989584
31209
464078
152657
807563
10432
752486
845412
542480
989482
72962
88897
354738
330097
421162
809892
172307
455158
64455
412370
796071
38896
692245
967332
672626
158285
946352
602467
60618
662289
748023
837887
692440
918357
545028
310090
439674
421531
928811
713945
734832
580503
915980
319106
756602
778775
328934
953398
360876
8287
867177
293372
943938
553430
640052
965163
153996
734313
423560
467864
675157
215099
930695
570872
654689
826637
648217
683711
463622
731352
362022
930795
851267
819529
680272
424155
813067
206880
923769
316179
88375
38767
563540
350742
408938
760322
753801
776001
922617
132127
545753
567060
297720
224117
97329
536527
578590
327421
546661
357260
793821
666565
167801
24560
29247
933568
835295
566161
621286
271257
253064
872656
811764
318707
761801
443282
529819
115807
767544
62858
882465
391097
272375
657447
532152
371693
129828
50052
793311
682584
987070
130810
470535
312435
600242
772653
5467
475160
355447
247566
844511
781985
609846
593072
749362
937783
983082
658238
697849
559194
885518
624479
245197
367356
313736
298358
699319
822912
854673
749580
600589
705098
146771
749052
396012
544910
773338
259663
110339
343773
541539
610659
201909
862814
816369
378817
476379
102748
153673
746210
446371
868680
432069
85928
96730
65215
445527
931670
136382
499388
225218
467837
81866
387234
709700
551819
422318
616814
586121
544154
816657
413960
914374
276503
612687
523059
667378
443991
461458
722488
976262
993862
513322
767261
437175
863830
170754
151358
530355
133300
508313
745696
479947
135671
738748
538114
905206
554845
123793
728206
222972
477556
496350
34192
782759
164459
989929
586182
387273
966470
998058
124536
630824
893720
428469
115696
126738
387539
599539
303658
42239
548172
160752
123462
389512
319737
392650
317992
308262
509530
29337
829638
149810
149045
821867
618266
442245
51015
982328
937693
319988
932245
297253
226054
191971
858915
775591
512538
2188
128271
574135
365585
70847
912709
46853
437860
504551
600897
324746
593247
474349
944020
354234
819305
395634
498313
874995
755010
874181
635133
139261
798964
145252
529284
667377
483327
798679
471786
699632
470889
156220
908430
763221
341014
93654
838664
655120
696782
653881
429527
406046
244132
943975
414604
355466
567274
48046
703012
933278
464621
771661
290849
677293
92831
908019
173660
741562
26009
599781
660718
834833
809077
741762
323851
588298
676499
129795
675193
586524
89289
201775
648759
568155
604877
794418
55443
597945
547099
198596
787018
498950
527055
940431
19571
126127
690230
981658
557696
188475
19896
288320
824975
215803
257202
869994
739894
879669
930775
607706
465809
88760
846119
559462
636334
335997
421316
617500
47169
515347
903846
979212
24394
356471
458246
189277
435093
25226
901407
553546
332800
400568
269671
95447
120214
104159
568097
176325
299213
151031
191543
267969
805626
93983
161720
321698
998418
427061
711573
177410
61776
644325
341093
190273
28492
747950
61344
312502
408882
103541
335588
149381
432877
936390
339967
270464
393755
987316
867950
943196
126843
54399
212399
251263
788670
626005
614497
247979
516927
533329
788939
528925
403753
995474
120672
282369
63578
333800
487403
579990
426851
68638
507691
30311
427289
664317
245095
958121
929202
19528
282235
580991
614647
707891
106441
258282
800041
581653
683201
823357
131672
319410
595849
426505
467647
87985
887387
666684
524742
213341
820911
149283
391439
566693
176359
820012
257071
563647
998887
444337
955770
582120
473686
43823
1050
852119
487223
869660
650883
303301
684782
175513
570
63099
978853
966589
505609
286579
626910
263077
880267
713030
398620
368489
883361
662918
223089
613584
881522
535119
294977
47695
169258
775090
560034
590434
73333
315243
94074
414508
732357
128951
870841
146434
760295
583511
293034
920943
452946
221093
640099
529343
841018
333766
926870
715235
991333
359280
666024
274057
789257
742134
474710
286276
257875
694448
337263
358225
220856
482135
628636
344413
16646
958418
725453
140222
677845
967058
2147
638360
499677
4488
945234
10044
705384
181966
433233
582789
938757
730323
737464
512730
799503
411872
564272
85091
825550
919308
680628
682903
81289
564815
32451
935930
872504
855698
704238
466802
704901
129411
370142
852263
394660
867662
630521
375355
405538
185794
879909
805271
851308
730890
8841
130825
485169
388478
981728
202366
466174
9819
232282
779244
20743
795263
294791
713613
966157
743648
375203
200815
94337
855933
643242
655609
317906
847685
752678
231891
245638
517796
380633
38584
294395
516778
948445
738248
741310
635466
219243
7483
205612
861011
669449
415327
116336
912174
290820
596747
524630
518009
178759
578589
203183
691891
774704
593187
704828
715532
632263
592593
184056
68536
616736
134477
782210
68210
133621
272236
978913
597587
897035
239039
923799
548490
764306
820252
287654
201171
888844
710913
24241
726649
710657
558830
644305
265207
713746
587325
926000
475977
2050
983450
447862
672102
705797
988885
681606
54383
895337
984361
338690
453560
885357
426641
287348
127631
713214
543472
489252
519648
379031
542384
795892
45577
926735
756255
235456
49247
291434
963004
440468
558273
470666
331604
5410
410894
204062
350965
85783
922851
599597
846907
26605
773267
236589
723045
444408
78057
961540
262128
206441
172472
345218
325904
65897
656404
655670
101425
29227
503282
452932
847312
25191
621314
835947
656721
980483
350542
881337
262574
259160
113080
496581
249938
357357
872958
57077
861546
349793
544919
832686
248244
989382
76453
813433
629109
649663
459832
801216
100319
655726
468144
607057
130890
89690
63635
961245
34964
395728
328498
933321
888870
727045
68188
820665
133731
65015
963763
841364
463386
57451
316116
640406
656603
452817
68987
106774
710478
58501
586425
54739
309243
891216
399986
421196
100486
647289
788491
431078
244436
906581
628701
825728
691771
654320
11122
475437
402570
486759
833791
448902
922683
650339
649311
106198
356114
682541
983129
708603
820961
27234
476134
542338
344137
616367
201832
113254
107678
12886
624087
747949
70826
621687
827764
881622
203020
948301
601057
132102
668325
533619
268736
372655
441458
504784
759823
651010
466223
194955
254964
144361
835742
46212
63430
133883
326807
612917
457020
538052
683363
791019
375122
326305
612019
928223
567431
813167
152699
154570
492332
323669
632637
359558
305203
386747
8475
542828
614927
689625
711250
151625
60102
248919
531742
858977
875745
586626
900415
57260
442564
360518
204900
210106
671671
952632
211038
823409
71727
358144
198554
700303
498834
728532
725448
490107
628897
726049
347232
893396
606508
593596
351966
646031
314187
439034
344583
170163
109941
476371
918664
827528
954774
44242
520022
230064
964642
3877
669796
233859
726895
241460
489200
654228
223492
250630
504099
770270
805672
998862
854226
347619
846486
776032
394173
215290
419759
193195
866213
7053
380442
10373
77313
375272
31476
581637
120785
149320
304692
461802
203847
662003
614137
957045
802720
377393
46038
31128
208796
207435
297902
182606
229581
928391
274726
753755
182751
356325
888705
581441
257913
187215
205508
22537
184631
883826
274506
954885
106106
22014
871835
710361
143911
397330
686681
825664
928002
116360
354821
981587
220450
319892
478365
251816
387597
848810
390438
693014
179684
986880
552523
837837
653477
924492
454787
921057
745477
68554
124250
151449
925603
969048
137149
833512
198854
200993
558425
396567
728083
392436
333397
628673
450406
667045
256429
965753
48440
800150
645953
615856
198288
895941
561480
308473
827943
155784
343599
259179
55847
660036
834260
293679
915252
132602
892866
532960
612455
928865
512744
219402
762628
85363
822782
493531
829421
695733
644756
68025
175567
533321
406969
787804
925287
676407
787624
533892
392447
522808
544099
486820
187694
337457
747097
392041
551002
728247
506774
750414
518828
496772
281371
609419
420423
669103
965933
829030
612351
681299
38383
217265
230190
938355
212862
474041
905098
245771
415132
229213
320864
445669
931879
395401
599126
164846
980942
883354
392280
266894
577296
88877
140856
788134
88110
309381
466098
544023
368654
241359
612329
43142
487854
537146
651298
352714
446801
473067
490263
453516
428819
385365
843585
521712
332421
286282
400945
25919
188289
463144
245148
278528
676704
79575
376537
945266
86423
308825
883534
526139
537701
573207
674921
81956
824048
289853
971617
238805
103190
124349
74815
377736
40141
572550
210037
349971
206199
707902
345235
262169
317421
781411
855182
805813
716743
886517
287797
199904
739920
633376
144563
896532
788932
750975
775759
569509
956703
273821
8949
807484
314022
295537
862254
363471
821170
423427
991759
425469
861785
608126
794618
687141
12469
494933
685865
537550
798135
997709
156533
907508
416815
238634
237950
758473
785528
220070
497485
245077
540883
615518
824155
579460
794424
491508
757608
853958
483815
357208
830383
90048
328283
886888
196972
449623
807541
987685
731845
437978
219766
459991
471830
894377
585574
31567
392902
145700
605562
916194
134581
320416
989179
773645
10152
524079
849768
690853
874826
371891
356330
236445
439508
446400
719075
789186
422963
799898
816467
724062
563719
314193
341920
615468
24369
595149
823508
33774
966939
145894
161157
998913
346293
595792
660435
837966
632295
958139
637364
601756
909058
409874
399842
214125
994777
409612
66804
560454
405206
197488
497841
113916
344816
597180
473470
670044
938207
319444
97771
179751
109381
707669
579765
186265
33617
866622
722495
632673
512349
28143
195761
208666
72867
955615
404640
297605
215894
244360
305247
691610
549869
73379
476750
60245
386560
543720
11584
180173
342646
901469
954008
430820
410104
164664
116124
135411
562512
438739
501483
779242
72104
407889
947481
907752
216510
136244
912733
215668
324804
453196
857627
744145
697086
497843
166495
633036
603028
984775
325388
616030
212833
526884
751590
718103
481251
288821
211501
7805
149624
467384
67078
864638
418631
634230
846795
258831
551401
344868
954522
596880
921950
514808
482560
485172
604119
40984
773106
95529
301898
677694
923790
963533
478473
363628
734336
883572
746217
830836
311898
410088
642806
863429
849331
891126
183634
435215
261237
188302
943682
647744
768863
453066
480068
403351
955078
691096
192356
732454
596237
100175
412669
732583
991626
45786
251339
928558
912827
165604
287076
925427
658593
563859
306069
699041
960807
69987
731953
761831
757502
946062
227809
952880
517460
431257
798869
579678
127120
386644
80252
792092
110336
528897
803775
817377
341850
430017
472841
172847
265046
217446
530648
46804
484618
28016
76752
669901
728222
708442
786156
484342
399671
360352
782194
418741
897344
203847
415944
39610
11259
262780
120254
743545
961688
143111
343001
702856
785044
486797
508307
483768
71552
86559
575070
688939
254064
748245
996167
458987
147069
493657
860280
292702
882443
169206
178876
879227
18944
636474
105398
185847
308434
130183
560626
777463
409836
176637
81355
704006
800682
11756
710288
286526
160953
462064
375482
186584
227198
749116
36119
936051
707836
558156
226668
463532
730588
50076
877136
665626
850932
548274
672150
694724
751211
692103
940584
107787
409594
723881
323302
465554
54962
627264
4893
51029
809931
395728
804378
211538
973939
261830
392844
952901
250128
209701
95826
16818
442167
29302
15268
353493
860385
201486
712990
701445
66241
231283
925144
101296
835636
875965
870791
696369
176038
759182
175162
46151
435873
537396
112915
855245
343033
338355
589357
657234
198755
655018
217181
979714
568017
414255
984533
448666
126673
243698
224165
111029
373898
339076
182056
15723
421674
685762
331602
12564
408092
223104
481062
230788
69224
689923
854679
291984
681517
654217
386904
46074
70602
928473
229178
431067
316182
804830
627960
523844
106760
747144
562228
829697
967022
891778
596855
179788
264179
99347
629007
340111
661520
730140
407441
710831
969465
808879
727419
139389
348177
183848
666217
798718
926907
721028
333413
892920
698741
505551
70794
351384
18507
638094
956410
613456
470718
400946
535850
671710
777849
243716
527875
616006
738858
13938
243905
22244
646289
795808
940342
130083
323852
247880
773759
449313
794030
255377
649872
83247
62834
144238
392717
522953
311024
211825
159039
394001
214314
673227
39749
249629
968265
760542
627128
991824
465281
775166
919950
344657
140790
291637
332964
674866
825199
797436
41532
546175
830242
435048
679526
852189
302468
787010
24845
240135
888076
768474
347363
359377
254017
215816
565510
56701
950673
962256
697310
260402
840384
720739
730101
754453
233250
637601
915099
400017
546803
337261
192462
463850
660375
6337
67756
912122